MEMORY
  total           14516 KB
  struct            158 KB
  buffer             22 KB
  arena           14336 KB, used 0.2%

SIZES
  narena                14680064
  nbuffer               22400
  nplugin               0
  maxuse_stack          19400
  maxuse_arena          36540
  maxuse_con            8
  maxuse_efc            48
  ncon                  6
  ne                    0
  nf                    0
  nl                    0
  nefc                  36
  nJ                    504
  nY                    0
  nA                    0
  nisland               1
  nidof                 14
  ntree_awake           1
  nbody_awake           12
  nparent_awake         11
  nv_awake              14
  flg_energypos         0
  flg_energyvel         0
  flg_subtreevel        0
  flg_rnepost           1
  threadpool            0

TIMER
    0:  duration =  2e+02      number = 964
    1:  duration =  2e+02      number = 3857
    2:  duration =  0          number = 0
    3:  duration =  1.2e+02    number = 3857
    4:  duration =  11         number = 3857
    5:  duration =  3.9        number = 3857
    6:  duration =  53         number = 3857
    7:  duration =  0          number = 0
    8:  duration =  18         number = 3857
    9:  duration =  8.3        number = 3857
    10:  duration =  58         number = 3857
    11:  duration =  30         number = 3857
    12:  duration =  0.3        number = 3857
    13:  duration =  11         number = 3857
    14:  duration =  46         number = 3857

SOLVER STAT
  solver_fwdinv =   0         0       
  ISLAND 0
    solver_niter = 1
    solver_nnz = 196
      0:  improvement =  1.5e-19     gradient =  9.5e-16     lineslope =  0       
          nactive = 36   nchange = 0   neval = 2   nupdate = 0

ENERGY =   0         0       

TIME =  3.9     

QPOS
  -4.5     
  -0.00043 
   0.42    
   0.71    
   0.001   
   0.001   
   0.71    
   0.00021 
  -0.0029  
  -4.8e-05 
  -0.0017  
  -4.9e-05 
  -0.0017  
   0.00021 
  -0.0029  

QVEL
   1.1e-07 
  -9e-05   
  -1.3e-13 
  -8.1e-11 
  -5.4e-08 
  -1.9e-05 
   4e-07   
  -0.00072 
   3.1e-06 
  -0.00047 
   3.1e-06 
  -0.00047 
   4e-07   
  -0.00072 

QACC_WARMSTART
  -1.5e-09 
  -7.3e-08 
  -2.6e-13 
   5.2e-14 
  -2.4e-10 
  -6.1e-08 
   1.3e-08 
  -8.2e-07 
  -2.4e-06 
  -1.7e-07 
  -2.4e-06 
  -1.7e-07 
   1.3e-08 
  -8.1e-07 

CTRL
   0       
   0       
   0       
   0       
   0       
   0       
   0       
   0       

QFRC_APPLIED
   0       
   0       
   0       
   0       
   0       
   0       
   0       
   0       
   0       
   0       
   0       
   0       
   0       
   0       

XFRC_APPLIED
   0         0         0         0         0         0       
   0         0         0         0         0         0       
   0         0         0         0         0         0       
   0         0         0         0         0         0       
   0         0         0         0         0         0       
   0         0         0         0         0         0       
   0         0         0         0         0         0       
   0         0         0         0         0         0       
   0         0         0         0         0         0       
   0         0         0         0         0         0       
   0         0         0         0         0         0       
   0         0         0         0         0         0       

QACC
  -1.5e-09 
  -7.3e-08 
  -2.6e-13 
   5.2e-14 
  -2.4e-10 
  -6.1e-08 
   1.3e-08 
  -8.2e-07 
  -2.4e-06 
  -1.7e-07 
  -2.4e-06 
  -1.7e-07 
   1.3e-08 
  -8.1e-07 

SENSOR
   4.1e-05 
   0.028   
   9.8     
  -8.1e-11 
  -5.4e-08 
  -1.9e-05 
  -0.00047 
  -0.00072 
  -0.00047 
  -0.00072 
  -4.8e-05 
   0.00021 
  -5e-05   
   0.00021 

TREE_ASLEEP
  -11

XPOS
   0         0         0       
  -4.5      -0.00043   0.42    
  -4.5       0.38      0.57    
  -4.5      -0.00043   0.64    
  -4.2       0.44      0.45    
  -4.2       0.44      0.16    
  -4.8       0.44      0.45    
  -4.8       0.44      0.16    
  -4.8      -0.45      0.45    
  -4.8      -0.45      0.16    
  -4.2      -0.45      0.45    
  -4.2      -0.45      0.16    

XQUAT
   1         0         0         0       
   0.71      0.001     0.001     0.71    
   0.71      0.001     0.001     0.71    
   0.71      0.001     0.001     0.71    
   0.71      0.001     0.001     0.71    
   0.71      0.002    -1.5e-05   0.71    
   0.71      0.001     0.001     0.71    
   0.71      0.0016    0.00039   0.71    
   0.71      0.001     0.001     0.71    
   0.71      0.0016    0.00038   0.71    
   0.71      0.001     0.001     0.71    
   0.71      0.002    -1.2e-05   0.71    

XMAT
   1         0         0         0         1         0         0         0         1       
   5.5e-05  -1         0.0028    1         5.5e-05  -4.4e-06   4.2e-06   0.0028    1       
   5.5e-05  -1         0.0028    1         5.5e-05  -4.4e-06   4.2e-06   0.0028    1       
   5.5e-05  -1         0.0028    1         5.5e-05  -4.4e-06   4.2e-06   0.0028    1       
   0.00027  -1         0.0028    1         0.00027  -4.4e-06   3.6e-06   0.0028    1       
   0.00027  -1         0.0028    1         0.00027  -0.0029    0.0029    0.0028    1       
   6.8e-06  -1         0.0028    1         6.7e-06  -4.4e-06   4.4e-06   0.0028    1       
   1.2e-05  -1         0.0028    1         6.7e-06  -0.0017    0.0017    0.0028    1       
   5.5e-06  -1         0.0028    1         5.5e-06  -4.4e-06   4.4e-06   0.0028    1       
   1e-05    -1         0.0028    1         5.5e-06  -0.0017    0.0017    0.0028    1       
   0.00027  -1         0.0028    1         0.00027  -4.4e-06   3.6e-06   0.0028    1       
   0.00028  -1         0.0028    1         0.00027  -0.0029    0.0029    0.0028    1       

XIPOS
   0         0         0       
  -4.5      -0.017     0.48    
  -4.5       0.38      0.57    
  -4.5      -0.00043   0.64    
  -4.2       0.44      0.37    
  -4.2       0.44      0.16    
  -4.8       0.44      0.37    
  -4.8       0.44      0.16    
  -4.8      -0.45      0.37    
  -4.8      -0.45      0.16    
  -4.2      -0.45      0.37    
  -4.2      -0.45      0.16    

XIMAT
   1         0         0         0         1         0         0         0         1       
   0.0029    1         0.0035   -0.0041   -0.0035    1         1        -0.0029    0.0041  
   5.5e-05  -1         0.0028    1         5.5e-05  -4.4e-06   4.2e-06   0.0028    1       
   5.5e-05  -1         0.0028    1         5.5e-05  -4.4e-06   4.2e-06   0.0028    1       
   0.0034   -0.00025   1         0.0054   -1        -0.00026   1         0.0054   -0.0034  
   0.0028    1         0.00027  -0.0029   -0.00027   1         1        -0.0028    0.0029  
   0.0023    1.8e-05   1         0.0097   -1        -4.4e-06   1         0.0097   -0.0023  
   0.0028    1         1.2e-05  -0.0017   -6.7e-06   1         1        -0.0028    0.0017  
   0.0023    1.9e-05   1         0.0097   -1        -3.2e-06   1         0.0097   -0.0023  
   0.0028    1         1e-05    -0.0017   -5.5e-06   1         1        -0.0028    0.0017  
   0.0023   -0.00024   1         0.0097   -1        -0.00027   1         0.0097   -0.0023  
   0.0028    1         0.00028  -0.0028   -0.00027   1         1        -0.0028    0.0028  

XANCHOR
  -4.5      -0.00043   0.42    
  -4.2       0.44      0.45    
  -4.2       0.44      0.16    
  -4.8       0.44      0.45    
  -4.8       0.44      0.16    
  -4.8      -0.45      0.45    
  -4.8      -0.45      0.16    
  -4.2      -0.45      0.45    
  -4.2      -0.45      0.16    

XAXIS
   0         0         1       
  -0.0028    4.4e-06  -1       
  -1         0.00027   0.0028  
  -0.0028    4.4e-06  -1       
  -1         6.7e-06   0.0028  
  -0.0028    4.4e-06  -1       
  -1         5.5e-06   0.0028  
  -0.0028    4.4e-06  -1       
  -1         0.00027   0.0028  

GEOM_XPOS
   0         0         0       
   0         4         1.2     
   0        -4         1.2     
   6         0         1.2     
  -6         0         1.2     
   0         0         1       
  -2.3       0         0.8     
   2.3       0         0.8     
  -4.8       3.4       1       
  -5.5       2         1       
   5        -3         1       
   3.5      -3.5       1       
   4.5       3.5       1       
  -4.5      -3.5       1       
  -5.5      -2.5       1       
  -4.5      -0.00043   0.44    
  -4.5       0.38      0.57    
  -4.5      -0.00043   0.64    
  -4.2       0.44      0.39    
  -4.2       0.44      0.16    
  -4.8       0.44      0.39    
  -4.8       0.44      0.16    
  -4.8      -0.45      0.39    
  -4.8      -0.45      0.16    
  -4.2      -0.45      0.39    
  -4.2      -0.45      0.16    

GEOM_XMAT
   1         0         0         0         1         0         0         0         1       
   1         0         0         0         1         0         0         0         1       
   1         0         0         0         1         0         0         0         1       
   1         0         0         0         1         0         0         0         1       
   1         0         0         0         1         0         0         0         1       
   1         0         0         0         1         0         0         0         1       
   1         0         0         0         1         0         0         0         1       
   1         0         0         0         1         0         0         0         1       
   1         0         0         0         1         0         0         0         1       
   1         0         0         0         1         0         0         0         1       
   1         0         0         0         1         0         0         0         1       
   1         0         0         0         1         0         0         0         1       
   1         0         0         0         1         0         0         0         1       
   1         0         0         0         1         0         0         0         1       
   1         0         0         0         1         0         0         0         1       
   5.5e-05  -1         0.0028    1         5.5e-05  -4.4e-06   4.2e-06   0.0028    1       
   5.5e-05  -1         0.0028    1         5.5e-05  -4.4e-06   4.2e-06   0.0028    1       
   5.5e-05  -1         0.0028    1         5.5e-05  -4.4e-06   4.2e-06   0.0028    1       
   0.00027  -1         0.0028    1         0.00027  -4.4e-06   3.6e-06   0.0028    1       
   0.00027   0.0028    1         1        -0.0029   -0.00027   0.0029    1        -0.0028  
   6.8e-06  -1         0.0028    1         6.7e-06  -4.4e-06   4.4e-06   0.0028    1       
   1.2e-05   0.0028    1         1        -0.0017   -6.7e-06   0.0017    1        -0.0028  
   5.5e-06  -1         0.0028    1         5.5e-06  -4.4e-06   4.4e-06   0.0028    1       
   1e-05     0.0028    1         1        -0.0017   -5.5e-06   0.0017    1        -0.0028  
   0.00027  -1         0.0028    1         0.00027  -4.4e-06   3.6e-06   0.0028    1       
   0.00028   0.0028    1         1        -0.0029   -0.00027   0.0029    1        -0.0028  

SITE_XPOS
  -4.5      -0.00043   0.42    

SITE_XMAT
   5.5e-05  -1         0.0028    1         5.5e-05  -4.4e-06   4.2e-06   0.0028    1       

CAM_XPOS
  -4.5       0.38      0.57    
  -4.5      -0.00043   0.64    

CAM_XMAT
  -0.0028   -1         5.5e-05   7e-07     5.5e-05   1        -1         0.0028    5.5e-07 
  -0.0028   -1         5.5e-05   7e-07     5.5e-05   1        -1         0.0028    5.5e-07 

LIGHT_XPOS
   0         0         12      
  -4        -2         4       
   4         2         4       
   0         3         4       

LIGHT_XDIR
   0         0        -1       
   0.67      0.33     -0.67    
  -0.67     -0.33     -0.67    
   0        -0.71     -0.71    

SUBTREE_COM
  -4.5      -0.011     0.37    
  -4.5      -0.011     0.37    
  -4.5       0.38      0.57    
  -4.5      -0.00043   0.64    
  -4.2       0.44      0.19    
  -4.2       0.44      0.16    
  -4.8       0.44      0.19    
  -4.8       0.44      0.16    
  -4.8      -0.45      0.19    
  -4.8      -0.45      0.16    
  -4.2      -0.45      0.19    
  -4.2      -0.45      0.16    

CDOF
   0         0         0         1         0         0       
   0         0         0         0         1         0       
   0         0         0         0         0         1       
   5.5e-05   1         4.2e-06  -0.049     2.7e-06   0.0046  
  -1         5.5e-05   0.0028    2.6e-05  -0.049     0.01    
   0.0028   -4.4e-06   1         0.01     -0.0044   -2.9e-05 
  -0.0028    4.4e-06  -1        -0.46      0.28      0.0013  
  -1         0.00027   0.0028    0.0013    0.21      0.46    
  -0.0028    4.4e-06  -1        -0.46     -0.28      0.0013  
  -1         6.7e-06   0.0028    0.0013    0.21      0.46    
  -0.0028    4.4e-06  -1         0.43     -0.28     -0.0012  
  -1         5.5e-06   0.0028   -0.0012    0.21     -0.43    
  -0.0028    4.4e-06  -1         0.43      0.28     -0.0012  
  -1         0.00027   0.0028   -0.0012    0.21     -0.43    

CINERT
   0         0         0         0         0         0         0         0         0         0       
   5.9       2.7       6.4      -0.013     0.024     0.045    -0.18     -0.6       9.5       89      
   0.027     0.0056    0.021    -0.00027  -0.00014  -0.011     0.0007    0.055     0.028     0.14    
   0.035     0.035     0.00065  -2.5e-05  -0.00066  -0.0013    0.0025    0.0048    0.13      0.47    
   0.44      0.19      0.62     -0.28      0.0021    0.0032    0.61      0.95     -0.007     2.1     
   2.9       1.5       3.4      -1.5       0.67      1.1       3.2       5.2      -2.4       11      
   0.44      0.18      0.61      0.27     -0.0017    0.0028   -0.6       0.96     -0.0061    2.1     
   3         1.4       3.4       1.4      -0.67      1.1      -3.2       5.2      -2.4       11      
   0.4       0.18      0.57     -0.26     -0.00097  -0.0015   -0.59     -0.91     -0.0035    2.1     
   2.8       1.4       3.1      -1.4      -0.67     -1.1      -3.2      -5        -2.4       11      
   0.4       0.17      0.56      0.25      0.0019   -0.0029    0.58     -0.91     -0.0068    2.1     
   2.8       1.5       3.2       1.4       0.67     -1         3.2      -5        -2.4       11      

ACTUATOR_LENGTH
  -4.8e-05 
   0.00021 
  -4.9e-05 
   0.00021 
  -0.0017  
  -0.0029  
  -0.0017  
  -0.0029  

actuator_moment
----------------
         x      |
       x        |
           x    |
             x  |
          x     |
        x       |
            x   |
              x |
----------------

ACTUATOR_MOMENT
     8:  1       
     6:  1       
    10:  1       
    12:  1       
     9:  1       
     7:  1       
    11:  1       
    13:  1       

CRB
   0         0         0         0         0         0         0         0         0         0       
   19        9.3       22       -0.019     0.034     0.13      4.2e-14  -1.2e-15  -2.8e-15   1.4e+02 
   0.027     0.0056    0.021    -0.00027  -0.00014  -0.011     0.0007    0.055     0.028     0.14    
   0.035     0.035     0.00065  -2.5e-05  -0.00066  -0.0013    0.0025    0.0048    0.13      0.47    
   3.4       1.7       4        -1.8       0.68      1.1       3.9       6.2      -2.4       14      
   2.9       1.5       3.4      -1.5       0.67      1.1       3.2       5.2      -2.4       11      
   3.4       1.6       4         1.7      -0.67      1.1      -3.8       6.2      -2.4       14      
   3         1.4       3.4       1.4      -0.67      1.1      -3.2       5.2      -2.4       11      
   3.2       1.6       3.7      -1.6      -0.67     -1.1      -3.7      -5.9      -2.4       14      
   2.8       1.4       3.1      -1.4      -0.67     -1.1      -3.2      -5        -2.4       11      
   3.2       1.6       3.8       1.7       0.68     -1         3.8      -5.9      -2.4       14      
   2.8       1.5       3.2       1.4       0.67     -1         3.2      -5        -2.4       11      

QM
   1.4e+02 
   0         1.4e+02 
   0         0         1.4e+02 
  -7.1       0.00039   0.66      9.6     
   0.0037   -7.1       1.5       0.026     19      
   1.5      -0.64     -0.0041    0.057     0.0049    22      
  -0.011    -0.0039    3e-05     0.003    -0.0021   -0.12      0.17    
   3.7e-05   0.024     0.011    -0.003     0.069     0.0067    2.4e-05   0.09    
   0.0038    0.0049   -1.1e-05  -0.00085   0.0021   -0.13                          0.17    
  -1e-05    -0.024    -0.0036   -0.001     0.088     0.0067                        2.4e-05   0.09    
   0.0038    0.0042   -1.1e-05  -0.00085   0.0022   -0.12                                              0.17    
  -1e-05    -0.024    -0.0036   -0.001     0.085     0.0067                                            2.4e-05   0.09    
  -0.011     0.027     3e-05     0.003    -0.0038   -0.12                                                                  0.17    
   3.7e-05   0.024     0.011    -0.003     0.079     0.0067                                                                2.4e-05   0.09    

M
     0:  1.4e+02 
     0:  0          1:  1.4e+02 
     0:  0          1:  0          2:  1.4e+02 
     0: -7.1        1:  0.00039    2:  0.66       3:  9.6     
     0:  0.0037     1: -7.1        2:  1.5        3:  0.026      4:  19      
     0:  1.5        1: -0.64       2: -0.0041     3:  0.057      4:  0.0049     5:  22      
     0: -0.011      1: -0.0039     2:  3e-05      3:  0.003      4: -0.0021     5: -0.12       6:  0.17    
     0:  3.7e-05    1:  0.024      2:  0.011      3: -0.003      4:  0.069      5:  0.0067     6:  2.4e-05    7:  0.09    
     0:  0.0038     1:  0.0049     2: -1.1e-05    3: -0.00085    4:  0.0021     5: -0.13       8:  0.17    
     0: -1e-05      1: -0.024      2: -0.0036     3: -0.001      4:  0.088      5:  0.0067     8:  2.4e-05    9:  0.09    
     0:  0.0038     1:  0.0042     2: -1.1e-05    3: -0.00085    4:  0.0022     5: -0.12      10:  0.17    
     0: -1e-05      1: -0.024      2: -0.0036     3: -0.001      4:  0.085      5:  0.0067    10:  2.4e-05   11:  0.09    
     0: -0.011      1:  0.027      2:  3e-05      3:  0.003      4: -0.0038     5: -0.12      12:  0.17    
     0:  3.7e-05    1:  0.024      2:  0.011      3: -0.003      4:  0.079      5:  0.0067    12:  2.4e-05   13:  0.09    

QLD
     0:  1.4e+02 
     0:  0.00038    1:  1.4e+02 
     0:  0.0034     1:  0.0036     2:  1.4e+02 
     0: -0.73       1:  0.0015     2:  0.068      3:  9.6     
     0:  0.00024    1: -0.37       2:  0.075      3:  0.0017     4:  19      
     0:  0.067      1: -0.029      2: -0.00024    3:  0.0028     4: -0.00093    5:  22      
     0: -0.062      1: -0.023      2:  0.00016    3:  0.017      4: -0.013      5: -0.69       6:  0.17    
     0:  0.00041    1:  0.27       2:  0.12       3: -0.034      4:  0.77       5:  0.074      6:  0.00026    7:  0.09    
     0:  0.022      1:  0.029      2: -5.7e-05    3: -0.005      4:  0.012      5: -0.73       8:  0.17    
     0: -0.00011    1: -0.27       2: -0.04       3: -0.011      4:  0.98       5:  0.074      8:  0.00026    9:  0.09    
     0:  0.022      1:  0.024      2: -5.7e-05    3: -0.005      4:  0.013      5: -0.71      10:  0.17    
     0: -0.00011    1: -0.27       2: -0.04       3: -0.011      4:  0.94       5:  0.075     10:  0.00026   11:  0.09    
     0: -0.062      1:  0.16       2:  0.00016    3:  0.017      4: -0.022      5: -0.69      12:  0.17    
     0:  0.00042    1:  0.27       2:  0.12       3: -0.034      4:  0.87       5:  0.074     12:  0.00026   13:  0.09    

QLDIAGINV
   0.0072  
   0.0071  
   0.007   
   0.1     
   0.052   
   0.046   
   5.8     
   11      
   5.8     
   11      
   5.8     
   11      
   5.8     
   11      

M: inertia structure
----------------
 x              |
 xx             |
 xxx            |
 xxxx           |
 xxxxx          |
 xxxxxx         |
 xxxxxxx        |
 xxxxxxxx       |
 xxxxxx  x      |
 xxxxxx  xx     |
 xxxxxx    x    |
 xxxxxx    xx   |
 xxxxxx      x  |
 xxxxxx      xx |
----------------

iM: block-diagonal inertia (nnzs are island ids)
----------------
 0              |
 00             |
 000            |
 0000           |
 00000          |
 000000         |
 0000000        |
 00000000       |
 000000  0      |
 000000  00     |
 000000    0    |
 000000    00   |
 000000      0  |
 000000      00 |
----------------

TREE_AWAKE
  1

BODY_AWAKE
  -1 1 1 1 1 1 1 1 1 1 1 1

BODY_AWAKE_IND
  0 1 2 3 4 5 6 7 8 9 10 11

PARENT_AWAKE_IND
  1 2 3 4 5 6 7 8 9 10 11

DOF_AWAKE_IND
  0 1 2 3 4 5 6 7 8 9 10 11 12 13

CONTACT
  0:
     dim           4
     geoms         floor : fr_wheel_col
     exclude       0
     efc_address   0
     solref         0.02      1       
     solimp         0.9       0.95      0.001     0.5       2       
     dist          -0.00027 
     includemargin  0       
     pos           -4.2       0.44     -0.00013 
     frame          0         0         1         0         1         0        -1         0         0       
     friction       1.2       1.2       0.01      0.001     0.001   
     mu             1.2     
     force          2.8e+02  -0.4       0.18      3.1e-05   0         0       
  1:
     dim           4
     geoms         floor : fl_wheel_col
     exclude       0
     efc_address   6
     solref         0.02      1       
     solimp         0.9       0.95      0.001     0.5       2       
     dist          -0.00034 
     includemargin  0       
     pos           -4.7       0.44     -0.00017 
     frame          0         0         1         0         1         0        -1         0         0       
     friction       1.2       1.2       0.01      0.001     0.001   
     mu             1.2     
     force          3.8e+02   0.24      0.19      3.6e-05   0         0       
  2:
     dim           4
     geoms         floor : fl_wheel_col
     exclude       0
     efc_address   12
     solref         0.02      1       
     solimp         0.9       0.95      0.001     0.5       2       
     dist          -3.1e-05 
     includemargin  0       
     pos           -4.8       0.44     -1.6e-05 
     frame          0         0         1         0         1         0        -1         0         0       
     friction       1.2       1.2       0.01      0.001     0.001   
     mu             1.2     
     force          30        0.16      0.17      3.2e-05   0         0       
  3:
     dim           4
     geoms         floor : rl_wheel_col
     exclude       0
     efc_address   18
     solref         0.02      1       
     solimp         0.9       0.95      0.001     0.5       2       
     dist          -0.00035 
     includemargin  0       
     pos           -4.7      -0.45     -0.00017 
     frame          0         0         1         0         1         0        -1         0         0       
     friction       1.2       1.2       0.01      0.001     0.001   
     mu             1.2     
     force          4e+02     0.24     -0.19      3.7e-05   0         0       
  4:
     dim           4
     geoms         floor : rl_wheel_col
     exclude       0
     efc_address   24
     solref         0.02      1       
     solimp         0.9       0.95      0.001     0.5       2       
     dist          -3.5e-05 
     includemargin  0       
     pos           -4.8      -0.45     -1.8e-05 
     frame          0         0         1         0         1         0        -1         0         0       
     friction       1.2       1.2       0.01      0.001     0.001   
     mu             1.2     
     force          35        0.16     -0.17      3.3e-05   0         0       
  5:
     dim           4
     geoms         floor : rr_wheel_col
     exclude       0
     efc_address   30
     solref         0.02      1       
     solimp         0.9       0.95      0.001     0.5       2       
     dist          -0.00027 
     includemargin  0       
     pos           -4.2      -0.45     -0.00014 
     frame          0         0         1         0         1         0        -1         0         0       
     friction       1.2       1.2       0.01      0.001     0.001   
     mu             1.2     
     force          2.9e+02  -0.4      -0.18      3.2e-05   0         0       

EFC_TYPE
  6
  6
  6
  6
  6
  6
  6
  6
  6
  6
  6
  6
  6
  6
  6
  6
  6
  6
  6
  6
  6
  6
  6
  6
  6
  6
  6
  6
  6
  6
  6
  6
  6
  6
  6
  6

EFC_ID
  0
  0
  0
  0
  0
  0
  1
  1
  1
  1
  1
  1
  2
  2
  2
  2
  2
  2
  3
  3
  3
  3
  3
  3
  4
  4
  4
  4
  4
  4
  5
  5
  5
  5
  5
  5

EFC_J
   0         1.2       1        -0.33     -0.95      0.4      -0.065    -0.19      0         0         0         0         0         0       
   0        -1.2       1        -0.33      0.057    -0.4       0.065     0.19      0         0         0         0         0         0       
  -1.2       0         1         0.17     -0.44      0.54      1.8e-05   5.1e-05   0         0         0         0         0         0       
   1.2       0         1        -0.84     -0.45     -0.53     -1.8e-05  -5.1e-05   0         0         0         0         0         0       
   0         0         1        -0.33     -0.44      0.011    -0.01      2.8e-05   0         0         0         0         0         0       
   0         0         1        -0.33     -0.45     -0.0087    0.01     -2.8e-05   0         0         0         0         0         0       
   0         1.2       1         0.23     -0.95     -0.27      0         0        -0.067    -0.19      0         0         0         0       
   0        -1.2       1         0.23      0.059     0.27      0         0         0.067     0.19      0         0         0         0       
  -1.2       0         1         0.73     -0.44      0.54      0         0         1e-06     1.3e-06   0         0         0         0       
   1.2       0         1        -0.28     -0.45     -0.53      0         0        -1.5e-06  -1.3e-06   0         0         0         0       
   0         0         1         0.23     -0.44      0.011     0         0        -0.01      2.8e-05   0         0         0         0       
   0         0         1         0.23     -0.45     -0.0087    0         0         0.01     -2.8e-05   0         0         0         0       
   0         1.2       1         0.34     -0.95     -0.4       0         0         0.065    -0.19      0         0         0         0       
   0        -1.2       1         0.34      0.059     0.4       0         0        -0.065     0.19      0         0         0         0       
  -1.2       0         1         0.84     -0.44      0.54      0         0         6.4e-07   1.3e-06   0         0         0         0       
   1.2       0         1        -0.17     -0.45     -0.53      0         0        -1.6e-07  -1.3e-06   0         0         0         0       
   0         0         1         0.34     -0.44      0.011     0         0        -0.01      2.8e-05   0         0         0         0       
   0         0         1         0.34     -0.45     -0.0087    0         0         0.01     -2.8e-05   0         0         0         0       
   0         1.2       1         0.23     -0.059    -0.27      0         0         0         0        -0.067    -0.19      0         0       
   0        -1.2       1         0.23      0.95      0.27      0         0         0         0         0.067     0.19      0         0       
  -1.2       0         1         0.73      0.44     -0.54      0         0         0         0         9.6e-07   1e-06     0         0       
   1.2       0         1        -0.28      0.45      0.53      0         0         0         0        -1.4e-06  -1.1e-06   0         0       
   0         0         1         0.23      0.45      0.0087    0         0         0         0        -0.01      2.8e-05   0         0       
   0         0         1         0.23      0.44     -0.011     0         0         0         0         0.01     -2.8e-05   0         0       
   0         1.2       1         0.34     -0.059    -0.4       0         0         0         0         0.065    -0.19      0         0       
   0        -1.2       1         0.34      0.95      0.4       0         0         0         0        -0.065     0.19      0         0       
  -1.2       0         1         0.84      0.44     -0.54      0         0         0         0         7.2e-07   1.1e-06   0         0       
   1.2       0         1        -0.17      0.45      0.53      0         0         0         0        -2.4e-07  -1.1e-06   0         0       
   0         0         1         0.34      0.45      0.0087    0         0         0         0        -0.01      2.8e-05   0         0       
   0         0         1         0.34      0.44     -0.011     0         0         0         0         0.01     -2.8e-05   0         0       
   0         1.2       1        -0.33     -0.057     0.4       0         0         0         0         0         0        -0.065    -0.19    
   0        -1.2       1        -0.33      0.95     -0.4       0         0         0         0         0         0         0.065     0.19    
  -1.2       0         1         0.17      0.44     -0.54      0         0         0         0         0         0         1.8e-05   5.1e-05 
   1.2       0         1        -0.84      0.45      0.53      0         0         0         0         0         0        -1.8e-05  -5.1e-05 
   0         0         1        -0.33      0.45      0.0087    0         0         0         0         0         0        -0.01      2.8e-05 
   0         0         1        -0.33      0.44     -0.011     0         0         0         0         0         0         0.01     -2.8e-05 

IEFC_J
   0         1.2       1        -0.33     -0.95      0.4      -0.065    -0.19      0         0         0         0         0         0       
   0        -1.2       1        -0.33      0.057    -0.4       0.065     0.19      0         0         0         0         0         0       
  -1.2       0         1         0.17     -0.44      0.54      1.8e-05   5.1e-05   0         0         0         0         0         0       
   1.2       0         1        -0.84     -0.45     -0.53     -1.8e-05  -5.1e-05   0         0         0         0         0         0       
   0         0         1        -0.33     -0.44      0.011    -0.01      2.8e-05   0         0         0         0         0         0       
   0         0         1        -0.33     -0.45     -0.0087    0.01     -2.8e-05   0         0         0         0         0         0       
   0         1.2       1         0.23     -0.95     -0.27      0         0        -0.067    -0.19      0         0         0         0       
   0        -1.2       1         0.23      0.059     0.27      0         0         0.067     0.19      0         0         0         0       
  -1.2       0         1         0.73     -0.44      0.54      0         0         1e-06     1.3e-06   0         0         0         0       
   1.2       0         1        -0.28     -0.45     -0.53      0         0        -1.5e-06  -1.3e-06   0         0         0         0       
   0         0         1         0.23     -0.44      0.011     0         0        -0.01      2.8e-05   0         0         0         0       
   0         0         1         0.23     -0.45     -0.0087    0         0         0.01     -2.8e-05   0         0         0         0       
   0         1.2       1         0.34     -0.95     -0.4       0         0         0.065    -0.19      0         0         0         0       
   0        -1.2       1         0.34      0.059     0.4       0         0        -0.065     0.19      0         0         0         0       
  -1.2       0         1         0.84     -0.44      0.54      0         0         6.4e-07   1.3e-06   0         0         0         0       
   1.2       0         1        -0.17     -0.45     -0.53      0         0        -1.6e-07  -1.3e-06   0         0         0         0       
   0         0         1         0.34     -0.44      0.011     0         0        -0.01      2.8e-05   0         0         0         0       
   0         0         1         0.34     -0.45     -0.0087    0         0         0.01     -2.8e-05   0         0         0         0       
   0         1.2       1         0.23     -0.059    -0.27      0         0         0         0        -0.067    -0.19      0         0       
   0        -1.2       1         0.23      0.95      0.27      0         0         0         0         0.067     0.19      0         0       
  -1.2       0         1         0.73      0.44     -0.54      0         0         0         0         9.6e-07   1e-06     0         0       
   1.2       0         1        -0.28      0.45      0.53      0         0         0         0        -1.4e-06  -1.1e-06   0         0       
   0         0         1         0.23      0.45      0.0087    0         0         0         0        -0.01      2.8e-05   0         0       
   0         0         1         0.23      0.44     -0.011     0         0         0         0         0.01     -2.8e-05   0         0       
   0         1.2       1         0.34     -0.059    -0.4       0         0         0         0         0.065    -0.19      0         0       
   0        -1.2       1         0.34      0.95      0.4       0         0         0         0        -0.065     0.19      0         0       
  -1.2       0         1         0.84      0.44     -0.54      0         0         0         0         7.2e-07   1.1e-06   0         0       
   1.2       0         1        -0.17      0.45      0.53      0         0         0         0        -2.4e-07  -1.1e-06   0         0       
   0         0         1         0.34      0.45      0.0087    0         0         0         0        -0.01      2.8e-05   0         0       
   0         0         1         0.34      0.44     -0.011     0         0         0         0         0.01     -2.8e-05   0         0       
   0         1.2       1        -0.33     -0.057     0.4       0         0         0         0         0         0        -0.065    -0.19    
   0        -1.2       1        -0.33      0.95     -0.4       0         0         0         0         0         0         0.065     0.19    
  -1.2       0         1         0.17      0.44     -0.54      0         0         0         0         0         0         1.8e-05   5.1e-05 
   1.2       0         1        -0.84      0.45      0.53      0         0         0         0         0         0        -1.8e-05  -5.1e-05 
   0         0         1        -0.33      0.45      0.0087    0         0         0         0         0         0        -0.01      2.8e-05 
   0         0         1        -0.33      0.44     -0.011     0         0         0         0         0         0         0.01     -2.8e-05 

EFC_POS
  -0.00027 
  -0.00027 
  -0.00027 
  -0.00027 
  -0.00027 
  -0.00027 
  -0.00034 
  -0.00034 
  -0.00034 
  -0.00034 
  -0.00034 
  -0.00034 
  -3.1e-05 
  -3.1e-05 
  -3.1e-05 
  -3.1e-05 
  -3.1e-05 
  -3.1e-05 
  -0.00035 
  -0.00035 
  -0.00035 
  -0.00035 
  -0.00035 
  -0.00035 
  -3.5e-05 
  -3.5e-05 
  -3.5e-05 
  -3.5e-05 
  -3.5e-05 
  -3.5e-05 
  -0.00027 
  -0.00027 
  -0.00027 
  -0.00027 
  -0.00027 
  -0.00027 

EFC_MARGIN
   0       
   0       
   0       
   0       
   0       
   0       
   0       
   0       
   0       
   0       
   0       
   0       
   0       
   0       
   0       
   0       
   0       
   0       
   0       
   0       
   0       
   0       
   0       
   0       
   0       
   0       
   0       
   0       
   0       
   0       
   0       
   0       
   0       
   0       
   0       
   0       

EFC_FRICTIONLOSS
   0       
   0       
   0       
   0       
   0       
   0       
   0       
   0       
   0       
   0       
   0       
   0       
   0       
   0       
   0       
   0       
   0       
   0       
   0       
   0       
   0       
   0       
   0       
   0       
   0       
   0       
   0       
   0       
   0       
   0       
   0       
   0       
   0       
   0       
   0       
   0       

EFC_DIAGA
   0.14    
   0.14    
   0.14    
   0.14    
   0.14    
   0.14    
   0.14    
   0.14    
   0.14    
   0.14    
   0.14    
   0.14    
   0.14    
   0.14    
   0.14    
   0.14    
   0.14    
   0.14    
   0.14    
   0.14    
   0.14    
   0.14    
   0.14    
   0.14    
   0.14    
   0.14    
   0.14    
   0.14    
   0.14    
   0.14    
   0.14    
   0.14    
   0.14    
   0.14    
   0.14    
   0.14    

EFC_KBIP
   2.8e+03   1.1e+02   0.91     -54      
   2.8e+03   1.1e+02   0.91     -54      
   2.8e+03   1.1e+02   0.91     -54      
   2.8e+03   1.1e+02   0.91     -54      
   2.8e+03   1.1e+02   0.91     -54      
   2.8e+03   1.1e+02   0.91     -54      
   2.8e+03   1.1e+02   0.91     -69      
   2.8e+03   1.1e+02   0.91     -69      
   2.8e+03   1.1e+02   0.91     -69      
   2.8e+03   1.1e+02   0.91     -69      
   2.8e+03   1.1e+02   0.91     -69      
   2.8e+03   1.1e+02   0.91     -69      
   2.8e+03   1.1e+02   0.9      -6.3     
   2.8e+03   1.1e+02   0.9      -6.3     
   2.8e+03   1.1e+02   0.9      -6.3     
   2.8e+03   1.1e+02   0.9      -6.3     
   2.8e+03   1.1e+02   0.9      -6.3     
   2.8e+03   1.1e+02   0.9      -6.3     
   2.8e+03   1.1e+02   0.91     -69      
   2.8e+03   1.1e+02   0.91     -69      
   2.8e+03   1.1e+02   0.91     -69      
   2.8e+03   1.1e+02   0.91     -69      
   2.8e+03   1.1e+02   0.91     -69      
   2.8e+03   1.1e+02   0.91     -69      
   2.8e+03   1.1e+02   0.9      -7       
   2.8e+03   1.1e+02   0.9      -7       
   2.8e+03   1.1e+02   0.9      -7       
   2.8e+03   1.1e+02   0.9      -7       
   2.8e+03   1.1e+02   0.9      -7       
   2.8e+03   1.1e+02   0.9      -7       
   2.8e+03   1.1e+02   0.91     -55      
   2.8e+03   1.1e+02   0.91     -55      
   2.8e+03   1.1e+02   0.91     -55      
   2.8e+03   1.1e+02   0.91     -55      
   2.8e+03   1.1e+02   0.91     -55      
   2.8e+03   1.1e+02   0.91     -55      

EFC_D
   69      
   69      
   69      
   69      
   69      
   69      
   73      
   73      
   73      
   73      
   73      
   73      
   64      
   64      
   64      
   64      
   64      
   64      
   75      
   75      
   75      
   75      
   75      
   75      
   65      
   65      
   65      
   65      
   65      
   65      
   71      
   71      
   71      
   71      
   71      
   71      

EFC_R
   0.015   
   0.015   
   0.015   
   0.015   
   0.015   
   0.015   
   0.014   
   0.014   
   0.014   
   0.014   
   0.014   
   0.014   
   0.016   
   0.016   
   0.016   
   0.016   
   0.016   
   0.016   
   0.013   
   0.013   
   0.013   
   0.013   
   0.013   
   0.013   
   0.015   
   0.015   
   0.015   
   0.015   
   0.015   
   0.015   
   0.014   
   0.014   
   0.014   
   0.014   
   0.014   
   0.014   

ACTUATOR_VELOCITY
   3.1e-06 
   4e-07   
   3.1e-06 
   4e-07   
  -0.00047 
  -0.00072 
  -0.00047 
  -0.00072 

CVEL
   0         0         0         0         0         0       
  -1.4e-11   3.5e-14  -1.9e-05  -8.5e-08  -9e-05     1.1e-14 
  -1.4e-11   3.5e-14  -1.9e-05  -8.5e-08  -9e-05     1.1e-14 
  -1.4e-11   3.5e-14  -1.9e-05  -8.5e-08  -9e-05     1.1e-14 
  -1.2e-09   1.8e-12  -2e-05    -2.7e-07  -9e-05     5.2e-10 
   0.00072  -1.9e-07  -2.2e-05  -1.2e-06  -0.00024  -0.00033 
  -8.7e-09   1.3e-11  -2.2e-05  -1.5e-06  -9.1e-05   3.9e-09 
   0.00047  -3.2e-09  -2.4e-05  -2.1e-06  -0.00019  -0.00021 
  -8.7e-09   1.4e-11  -2.2e-05   1.3e-06  -9.1e-05  -3.8e-09 
   0.00047  -2.6e-09  -2.4e-05   1.8e-06  -0.00019   0.00021 
  -1.1e-09   1.8e-12  -2e-05     8.9e-08  -9e-05    -4.9e-10 
   0.00072  -1.9e-07  -2.2e-05   9.3e-07  -0.00024   0.00031 

CDOF_DOT
   0         0         0         0         0         0       
   0         0         0         0         0         0       
   0         0         0         0         0         0       
   0         0         0        -3.8e-10  -4.6e-13   1.1e-07 
   0        -0         0        -2.5e-07  -3.1e-10  -9e-05   
   0         0        -0        -9e-05    -1.1e-07   2.5e-07 
   8.4e-11   5.4e-08   3.8e-17   9.6e-05   8.7e-06  -2.5e-07 
   5.2e-09   2e-05     1.5e-12   3.8e-06  -2.6e-08  -9e-05   
   8.4e-11   5.4e-08   3.8e-17   8.5e-05   8.7e-06  -2.5e-07 
   1.5e-10   2.2e-05   1.3e-11   4.4e-06  -2.4e-08  -9.1e-05 
   8.4e-11   5.4e-08   3.8e-17   8.5e-05  -8.4e-06  -2.5e-07 
   1.2e-10   2.2e-05   1.3e-11   4.4e-06   2.4e-08  -9.1e-05 
   8.4e-11   5.4e-08   3.8e-17   9.6e-05  -8.4e-06  -2.5e-07 
   5.2e-09   2e-05     1.5e-12   3.8e-06   2.3e-08  -9e-05   

QFRC_BIAS
  -1.4e-10 
   1e-08   
   1.4e+03 
   6.5     
   14      
  -0.04    
   0.0003  
   0.11    
  -0.00011 
  -0.035   
  -0.00011 
  -0.035   
   0.0003  
   0.11    

QFRC_SPRING
   0       
   0       
   0       
   0       
   0       
   0       
   0       
   0       
   0       
   0       
   0       
   0       
   0       
   0       

QFRC_DAMPER
   0       
   0       
   0       
   0       
   0       
   0       
  -2e-06   
   0.00036 
  -1.5e-05 
   0.00024 
  -1.5e-05 
   0.00024 
  -2e-06   
   0.00036 

QFRC_GRAVCOMP
   0       
   0       
   0       
   0       
   0       
   0       
   0       
   0       
   0       
   0       
   0       
   0       
   0       
   0       

QFRC_FLUID
   0       
   0       
   0       
   0       
   0       
   0       
   0       
   0       
   0       
   0       
   0       
   0       
   0       
   0       

QFRC_PASSIVE
   0       
   0       
   0       
   0       
   0       
   0       
  -2e-06   
   0.00036 
  -1.5e-05 
   0.00024 
  -1.5e-05 
   0.00024 
  -2e-06   
   0.00036 

EFC_VEL
   2.3e-05 
  -2.3e-05 
  -1e-05   
   1e-05   
  -2.2e-07 
   2.2e-07 
  -1.3e-05 
   1.3e-05 
  -1e-05   
   1e-05   
  -2.4e-07 
   2.4e-07 
  -9.9e-06 
   9.9e-06 
  -1e-05   
   1e-05   
  -2.4e-07 
   2.4e-07 
  -1.3e-05 
   1.3e-05 
   1e-05   
  -1e-05   
  -2.4e-07 
   2.4e-07 
  -9.6e-06 
   9.6e-06 
   1e-05   
  -1e-05   
  -2.4e-07 
   2.4e-07 
   2.2e-05 
  -2.2e-05 
   1e-05   
  -1e-05   
  -2.2e-07 
   2.2e-07 

EFC_AREF
   0.67    
   0.68    
   0.68    
   0.68    
   0.68    
   0.68    
   0.87    
   0.86    
   0.87    
   0.86    
   0.87    
   0.87    
   0.08    
   0.077   
   0.08    
   0.077   
   0.079   
   0.078   
   0.88    
   0.87    
   0.87    
   0.88    
   0.88    
   0.88    
   0.089   
   0.087   
   0.087   
   0.089   
   0.088   
   0.088   
   0.68    
   0.69    
   0.68    
   0.69    
   0.69    
   0.69    

SUBTREE_LINVEL
   0         0         0       
   0         0         0       
   0         0         0       
   0         0         0       
   0         0         0       
   0         0         0       
   0         0         0       
   0         0         0       
   0         0         0       
   0         0         0       
   0         0         0       
   0         0         0       

SUBTREE_ANGMOM
   0         0         0       
   0         0         0       
   0         0         0       
   0         0         0       
   0         0         0       
   0         0         0       
   0         0         0       
   0         0         0       
   0         0         0       
   0         0         0       
   0         0         0       
   0         0         0       

ACTUATOR_FORCE
   0.0048  
  -0.021   
   0.0049  
  -0.021   
   0.028   
   0.043   
   0.028   
   0.043   

QFRC_ACTUATOR
   0       
   0       
   0       
   0       
   0       
   0       
  -0.021   
   0.043   
   0.0048  
   0.028   
   0.0049  
   0.028   
  -0.021   
   0.043   

QFRC_SMOOTH
   1.4e-10 
  -1e-08   
  -1.4e+03 
  -6.5     
  -14      
   0.04    
  -0.021   
  -0.064   
   0.0049  
   0.064   
   0.005   
   0.064   
  -0.022   
  -0.064   

QACC_SMOOTH
   2e-05   
  -0.00038 
  -9.8     
   0.0005  
  -0.0068  
  -0.0016  
  -0.12    
   0.49    
   0.027   
   0.32    
   0.028   
   0.32    
  -0.12    
   0.49    

EFC_B
  -11      
  -10      
  -10      
  -10      
  -10      
  -10      
  -11      
  -11      
  -11      
  -11      
  -11      
  -11      
  -9.9     
  -9.8     
  -9.9     
  -9.9     
  -9.9     
  -9.9     
  -11      
  -11      
  -11      
  -11      
  -11      
  -11      
  -10      
  -9.8     
  -9.9     
  -9.9     
  -9.9     
  -9.9     
  -11      
  -10      
  -10      
  -11      
  -10      
  -11      

EFC_FORCE
   46      
   47      
   47      
   46      
   47      
   47      
   63      
   63      
   63      
   63      
   63      
   63      
   5.1     
   4.9     
   5.1     
   4.9     
   5       
   5       
   66      
   66      
   66      
   66      
   66      
   66      
   5.8     
   5.7     
   5.7     
   5.8     
   5.8     
   5.8     
   48      
   49      
   48      
   49      
   48      
   48      

EFC_STATE
  1
  1
  1
  1
  1
  1
  1
  1
  1
  1
  1
  1
  1
  1
  1
  1
  1
  1
  1
  1
  1
  1
  1
  1
  1
  1
  1
  1
  1
  1
  1
  1
  1
  1
  1
  1

QFRC_CONSTRAINT
  -3.3e-07 
  -1.1e-05 
   1.4e+03 
   6.5     
   14      
  -0.04    
   0.021   
   0.064   
  -0.0049  
  -0.064   
  -0.005   
  -0.064   
   0.022   
   0.064   

QFRC_INVERSE
   0       
   0       
   0       
   0       
   0       
   0       
   0       
   0       
   0       
   0       
   0       
   0       
   0       
   0       

CACC
   0         0         0        -0        -0         9.8     
   6.6e-11   1.2e-13  -6.1e-08  -4.2e-10  -7.3e-08   9.8     
   6.6e-11   1.2e-13  -6.1e-08  -4.2e-10  -7.3e-08   9.8     
   6.6e-11   1.2e-13  -6.1e-08  -4.2e-10  -7.3e-08   9.8     
   2.9e-11   2e-13    -7.4e-08  -6.5e-09  -6.9e-08   9.8     
   8.2e-07  -1.4e-08  -7.7e-08  -1e-08    -2.4e-07   9.8     
   6.9e-09  -1e-11     2.4e-06   1.1e-06   5.9e-07   9.8     
   1.7e-07  -1.1e-08   2.4e-06   1.1e-06   5.6e-07   9.8     
   6.8e-09  -1e-11     2.3e-06  -1e-06     5.8e-07   9.8     
   1.8e-07  -1.1e-08   2.3e-06  -1e-06     5.4e-07   9.8     
   2.9e-11   2e-13    -7.4e-08   5.4e-09  -6.9e-08   9.8     
   8.1e-07  -1.4e-08  -7.7e-08   3.6e-09  -2.4e-07   9.8     

CFRC_INT
  -4e-14     8e-14    -2.3e-14   3.6e-15   4.1e-14   1.3e-13 
  -4e-14     8e-14    -2.3e-14   3.6e-15   4.1e-14   1.3e-13 
   0.54     -0.0069   -1.2e-09   3e-09    -1e-08     1.4     
   0.047    -0.024    -2.1e-10  -7.2e-10  -3.5e-08   4.6     
  -66        56        0.052     0.18      0.4      -1.5e+02 
  -76        62        0.052     0.18      0.4      -1.7e+02 
  -1.3e+02  -57       -0.058     0.36     -0.4      -2.8e+02 
  -1.4e+02  -63       -0.058     0.36     -0.4      -3e+02   
   1.3e+02  -62       -0.051    -0.36     -0.4      -3e+02   
   1.4e+02  -68       -0.051    -0.36     -0.4      -3.2e+02 
   69        61        0.057    -0.18      0.4      -1.6e+02 
   77        66        0.057    -0.18      0.4      -1.8e+02 

CFRC_EXT
   0         0         0         0         0         0       
   0         0         0         0         0         0       
   0         0         0         0         0         0       
   0         0         0         0         0         0       
   0         0         0         0         0         0       
   1.3e+02  -94       -0.052    -0.18     -0.4       2.8e+02 
   0         0         0         0         0         0       
   1.9e+02   94        0.058    -0.36      0.4       4.1e+02 
   0         0         0         0         0         0       
  -1.9e+02   99        0.051     0.36      0.4       4.3e+02 
   0         0         0         0         0         0       
  -1.3e+02  -98       -0.057     0.18     -0.4       2.9e+02 

TREE_ISLAND
  0

ISLAND_NTREE
  1

ISLAND_ITREEADR
  0

MAP_ITREE2TREE
  0

DOF_ISLAND            0 0 0 0 0 0 0 0 0 0 0 0 0 0

ISLAND_NV             14

ISLAND_IDOFADR        0

MAP_IDOF2DOF          0 1 2 3 4 5 6 7 8 9 10 11 12 13

EFC_ISLAND            0 0 0 0 0 0 0 0 0 0 0 0 0 0 0 0 0 0 0 0 0 0 0 0 0 0 0 0 0 0 0 0 0 0 0 0

ISLAND_NEFC           36

ISLAND_IEFCADR        0

MAP_IEFC2EFC          0 1 2 3 4 5 6 7 8 9 10 11 12 13 14 15 16 17 18 19 20 21 22 23 24 25 26 27 28 29 30 31 32 33 34 35

